res1.log.test
28000.0,13217.673324,0.0059049,0.976786
res2.log.test
42000.0,18645.944009,0.00430467,0.978571
res3.log.test
24000.0,10264.022184,0.006561,0.983929
res4.log.test
14000.0,6553.148559,0.00531441,0.976786
res5.log.test
16000.0,7429.527723,0.00478297,0.973214
res6.log.test
80000.0,37284.840008,0.000164232,0.975
res7.log.test
0.0,1.123231,0.1,0.546429
res9.log.test
94000.0,34278.161461,0.00150095,0.976786
res10.log.test
76000.0,29150.154739,0.00228768,0.969643
res11.log.test
18000.0,6804.701113,0.00729,0.973214
res12.log.test
8000.0,3933.126228,0.009,0.978571
res13.log.test
446000.0,68960.740095,9.40459e-07,0.971429
res14.log.test
22000.0,10938.691063,0.006561,0.973214
